729
1059
1027
896
599
510
916
705
894
806
736
871
917
393
707
620
636
909
968
771
641
510
633
853
708
981
687
741
340
991
778
631
790
748
934
1023
765
1005
642
414
943
613
1058
743
948
1009
843
523
924
996
643
1056
814
1087
1078
981
1136
839
603
950
874
1192
809
744
786
492
828
983
693
930
766
822
656
652
948
646
823
763
939
769
825
881
811
719
986
826
693
863
605
965
528
591
786
914
487
691
723
846
786
627
839
809
827
831
981
1269
813
784
1247
1098
720
750
1054
598
614
916
504
764
808
780
1068
518
618
813
688
969
777
738
715
676
903
971
762
1068
802
448
908
740
595
683
884
795
1052
1078
1018
984
1019
1119
1021
935
676
1140
902
876
746
871
845
751
1120
879
1040
850
1091
936
639
1013
1155
992
1146
883
991
851
775
898
1053
770
694
904
818
1109
1113
1053
676
845
1149
1094
856
1066
1000
938
900
1018
805
883
827
987
1013
1014
648
1111
829
816
717
989
946
1174
1173
981
976
1257
1105
1125
827
967
987
925
851
758
764
940
935
847
783
1034
883
1097
918
868
792
773
1069
600
974
702
944
849
1029
1183
897
1273
725
709
1084
1120
974
1199
1140
1080
786
1221
706
1067
854
832
1203
917
952
994
1323
1023
1035
1226
1047
1057
954
1217
851
928
902
898
893
1053
1081
1154
971
1199
1050
1312
929
1001
1252
990
965
998
1163
934
929
858
962
839
1040
915
1168
867
934
866
1012
905
1040
971
890
997
789
1044
1048
957
946
875
831
761
1033
545
918
488
878
947
847
1145
779
1010
708
1010
1148
1251
1050
1037
939
960
1074
1187
1197
903
1090
895
1081
799
953
1181
1135
1145
904
1143
1116
942
1262
865
1342
890
772
1108
710
937
1019
924
773
1084
817
919
843
1054
1244
862
738
935
784
950
1049
726
943
873
1101
952
888
781
926
1100
854
816
851
956
1065
856
1162
1181
772
631
802
789
1070
1005
842
830
779
638
763
971
906
830
929
1001
1016
933
913
869
951
992
864
841
930
726
744
888
960
919
908
1249
1238
921
843
978
1113
798
829
1000
688
787
1075
1208
750
729
851
933
1109
937
727
670
907
743
805
1130
959
1170
1186
933
857
922
1077
1116
1047
974
1056
1097
1208
1033
1032
1037
1060
896
1378
1067
1082
979
1335
1242
953
1216
1156
918
847
769
1078
1073
1016
1134
1116
945
849
1066
996
1167
1261
1223
855
958
985
974
1315
1255
954
916
847
852
864
1123
1104
709
754
940
1054
797
630
733
763
1073
1063
1142
1017
957
1077
808
863
549
923
1207
1197
1216
1053
1130
987
650
1015
1075
938
785
821
533
745
728
936
753
905
925
908
825
1122
992
668
935
676
708
692
1087
796
689
904
994
604
1094
716
1136
1051
791
951
900
982
586
892
1050
976
979
603
715
621
927
892
708
965
905
589
879
1028
873
864
1130
832
770
849
890
962
932
849
973
973
1164
817
980
1159
866
840
836
760
762
1080
1174
932
962
939
1114
1033
940
1228
910
810
829
1092
777
819
838
937
933
745
935
790
772
1012
796
880
699
917
640
650
747
623
973
1029
1065
817
930
935
1017
878
640
763
757
1059
818
622
656
571
1143
479
878
855
890
586
1032
1102
991
931
731
603
697
908
671
871
383
468
768
658
391
745
800
786
704
668
744
561
456
1241
921
1076
846
807
695
729
688
347
326
807
887
699
780
758
810
798
808
616
668
938
776
618
485
413
666
584
1083
1067
1141
1222
984
1147
1095
1125
1179
870
1054
1020
851
833
1109
753
850
716
752
931
733
1093
860
1057
808
780
765
607
957
934
925
971
512
795
815
1031
641
866
686
980
1021
976
882
728
796
768
1007
925
810
880
733
652
909
958
1014
1123
1063
1136
939
1220
954
928
779
1085
824
868
1133
826
1038
1008
997
846
831
925
797
788
875
916
736
563
778
981
994
725
797
812
1065
896
1154
790
589
922
1105
743
1053
1105
1154
1078
712
1141
856
1081
702
880
974
1024
1202
1005
910
856
1016
1110
890
1044
1105
987
953
812
912
947
1082
1071
925
802
1091
979
897
895
960
548
880
1007
829
1001
937
717
903
1211
1010
612
815
1034
1017
1084
1019
1028
942
864
978
974
960
526
953
1129
1078
1072
927
741
1059
825
910
1006
758
814
896
1116
923
1199
830
1067
698
786
1075
1017
976
1008
734
1076
767
1030
534
819
938
995
883
866
1032
814
1063
1071
1320
1037
1233
1057
1059
829
1265
1182
977
1003
977
989
1124
1163
878
916
896
1252
1159
1099
1133
975
995
1007
1130
992
966
1140
1080
948
1122
919
914
800
1100
833
764
961
1096
807
781
1021
608
982
878
718
685
902
1060
847
1153
982
1162
704
939
444
794
773
578
884
731
841
1155
955
945
845
969
896
950
1052
846
1016
956
775
1014
973
1101
870
585
858
1051
888
1023
896
1088
1028
886
839
1001
589
643
1026
736
909
910
437
743
673
925
793
1038
986
939
1169
831
1004
1057
1106
933
985
813
1108
871
927
807
609
592
660
505
434
685
813
934
754
870
657
377
515
601
680
866
563
550
494
705
696
401
348
695
879
635
604
656
1034
318
471
522
601
703
676
573
760
804
790
514
762
442
641
1171
1091
733
636
559
809
924
719
900
844
876
762
646
1000
989
841
937
888
781
1048
988
349
681
548
542
713
496
619
629
493
537
780
750
836
679
884
565
720
758
699
832
616
669
506
832
871
923
793
915
1053
989
1107
950
924
1045
1055
665
701
794
1033
955
1066
772
951
928
1036
1056
1072
940
919
1232
947
1061
1107
905
798
1023
858
716
837
653
685
918
853
909
821
967
638
750
596
433
762
877
959
563
624
853
869
615
728
1106
952
812
742
541
942
895
623
722
1025
1206
1046
977
1127
1067
946
923
919
715
606
749
783
749
788
704
913
450
728
713
857
600
361
541
463
647
553
677
691
1012
658
667
610
1121
758
953
554
604
904
690
1050
684
990
772
739
1076
894
1055
865
1090
884
753
1086
813
1204
1046
623
888
784
1182
1091
1159
621
743
646
613
1203
723
1028
1012
923
1028
779
990
670
575
884
808
657
840
559
1024
978
648
792
951
566
750
919
924
534
780
935
821
691
1076
873
931
1207
803
1063
1225
868
811
738
1001
971
681
841
694
966
851
986
833
1146
829
965
1017
942
768
467
801
696
786
723
775
875
765
562
792
876
584
786
1077
1026
740
924
771
709
864
889
760
875
912
858
835
831
825
747
992
587
444
924
656
959
899
1177
1117
658
1155
757
1078
718
839
798
981
837
434
310
805
829
431
551
511
763
666
662
393
604
608
765
847
978
712
396
656
779
495
974
492
402
776
913
668
657
759
575
942
465
868
472
879
926
638
928
576
574
754
814
893
954
806
1147
1088
1093
1059
774
1120
823
1034
1139
728
1125
1204
1112
729
1089
1029
848
773
1092
1060
1206
1217
1005
1267
982
999
733
778
842
1099
1129
1069
838
861
966
883
661
814
998
1188
1136
1076
727
891
819
1097
1024
851
841
774
1165
902
680
932
851
746
847
778
830
938
439
1226
926
938
1061
1256
945
1085
1213
734
801
936
1045
1139
773
587
1000
632
803
818
1133
1122
1282
963
908
652
592
956
893
875
1031
912
1096
877
886
1089
977
1011
871
1034
793
1251
940
1168
1111
1167
801
1110
1019
888
1085
1119
1101
1259
876
811
1248
853
1123
834
1020
1067
1180
669
574
843
752
854
1035
758
705
700
800
1233
1021
991
1086
800
942
664
781
830
995
720
781
921
826
698
834
916
704
902
810
892
740
1046
793
890
740
1038
656
1016
731
501
742
995
859
653
700
1221
1270
714
1047
710
918
839
981
1048
743
1102
903
736
1023
906
700
764
945
1059
1087
858
848
779
878
522
739
622
697
738
957
902
783
733
530
819
630
986
648
819
805
821
932
879
931
722
998
715
749
668
974
1107
870
902
755
770
912
882
918
655
650
718
1041
813
895
835
917
806
675
886
927
982
1115
729
826
859
835
981
957
1060
1052
839
1049
764
849
1144
1112
963
843
940
732
799
896
746
933
440
696
1091
773
874
1271
1225
1371
1063
1308
1044
1017
1285
1252
886
1242
1339
1142
1285
1069
996
1411
1351
1081
1398
1063
1215
1129
993
1299
931
1239
837
1148
1289
891
1229
1189
1018
934
711
930
1256
838
1124
1226
932
944
985
831
774
788
1311
904
662
693
659
976
1218
1181
1318
1117
1342
888
955
895
1241
857
1105
1187
1164
1082
1310
1250
1105
1296
1236
1403
1135
1232
1309
1112
1291
1087
1393
1082
1025
1287
998
1062
1135
1061
1217
1258
958
875
1005
1212
1064
1382
1322
1352
1041
1181
1073
1019
1360
999
1139
1330
1036
1159
1089
1224
909
1143
1008
766
796
940
1110
985
1065
1245
1215
916
767
1099
1206
1283
1042
1207
1179
1183
858
1083
1246
1172
703
960
766
1047
816
859
836
1139
1162
1097
1309
1184
1437
1344
1175
1118
1315
1047
1409
1098
1326
1325
1265
1056
1128
999
1285
1121
1089
856
955
1027
940
1042
1122
976
1029
1116
1021
956
899
996
1256
935
1233
948
913
1127
1067
1211
1025
1074
1239
1179
1336
1068
906
1160
1212
780
1193
885
1273
1102
1032
1086
883
679
1366
1232
1152
1132
1033
1227
1159
973
1167
1392
1324
1110
1088
1201
1310
1227
1029
1310
999
947
889
880
979
869
1040
922
1019
904
1039
798
1269
1209
1129
1167
1172
1112
1011
1108
1299
1239
1269
1256
955
950
985
1150
829
916
959
933
1247
1076
1006
1117
1332
789
887
874
997
817
952
705
1015
811
1250
1026
1038
1120
1229
1336
1025
1068
874
1050
1045
1326
1015
1155
1060
1313
1220
901
896
939
825
1056
1094
994
1150
908
902
974
770
1027
1124
932
1004
1144
952
876
1166
1273
811
1293
1233
937
975
875
1263
952
881
1203
1022
1157
825
786
1133
820
941
873
1041
669
732
831
903
1043
1058
1329
994
1041
1381
1083
1190
807
1237
1140
1245
1215
1241
671
796
841
911
1027
995
962
1003
961
1158
905
890
964
994
1282
899
984
986
916
842
924
1230
936
798
778
690
898
1096
700
920
928
877
1154
913
995
1091
827
1044
726
1032
1041
881
1049
1001
1096
1036
1067
1053
1025
989
1214
1293
899
846
560
1101
874
1125
808
1191
725
770
1149
974
895
758
840
962
1046
1065
673
824
903
774
782
854
829
760
819
1132
1198
791
599
605
580
537
582
814
874
630
745
948
699
956
942
688
944
755
914
1048
1159
1030
936
888
886
707
756
950
653
675
882
820
709
858
899
884
808
928
984
629
728
1299
988
1128
1216
1037
1011
1134
847
1033
904
874
1009
893
963
1001
1130
1258
947
1118
1156
1245
978
848
1134
995
1130
1157
846
1111
1107
705
876
788
1005
859
869
711
922
661
1033
740
663
580
790
723
646
806
941
1035
1065
767
883
715
661
658
820
561
344
762
511
725
471
701
581
556
785
648
949
889
643
752
771
813
545
582
345
682
745
650
1172
856
588
538
533
422
962
751
920
1030
735
803
965
929
681
749
927
947
645
598
930
948
1043
677
918
676
696
626
656
583
543
715
833
727
526
736
669
528
675
570
705
697
516
895
1164
814
794
963
778
822
555
862
942
984
716
1077
1123
642
1053
1030
789
1028
966
847
1148
1102
900
935
806
861
728
747
755
799
1120
712
820
878
622
980
784
554
1079
1099
1039
801
777
1056
1057
659
1066
808
890
509
638
742
633
923
760
1000
715
857
895
779
687
899
822
716
871
1039
1136
1132
990
958
805
1041
1120
949
803
807
827
859
922
935
803
792
951
839
1040
1179
817
1157
738
905
647
837
979
665
673
728
518
828
